97
NULL 0 Common 0
Joined 7 0,255,0,255,0,0,0,0,0,0 Latin 1 0 1 Joined	# Joined [4a 6f 69 6e 65 64 ]a
|Broken|0|1 15 0,255,0,255,0,0,0,0,0,0 Common 2 10 2 |Broken|0|1	# Broken
A 5 0,255,0,255,0,0,0,0,0,0 Latin 9 0 3 A	# A [41 ]A
r 3 0,255,0,255,0,0,0,0,0,0 Latin 47 0 4 r	# r [72 ]a
á 3 0,255,0,255,0,0,0,0,0,0 Latin 5 0 5 á	# á [e1 ]a
p 3 0,255,0,255,0,0,0,0,0,0 Latin 46 0 6 p	# p [70 ]a
i 3 0,255,0,255,0,0,0,0,0,0 Latin 78 0 7 i	# i [69 ]a
d 3 0,255,0,255,0,0,0,0,0,0 Latin 88 0 8 d	# d [64 ]a
a 3 0,255,0,255,0,0,0,0,0,0 Latin 3 0 9 a	# a [61 ]a
o 3 0,255,0,255,0,0,0,0,0,0 Latin 65 0 10 o	# o [6f ]a
s 3 0,255,0,255,0,0,0,0,0,0 Latin 57 0 11 s	# s [73 ]a
m 3 0,255,0,255,0,0,0,0,0,0 Latin 89 0 12 m	# m [6d ]a
u 3 0,255,0,255,0,0,0,0,0,0 Latin 96 0 13 u	# u [75 ]a
l 3 0,255,0,255,0,0,0,0,0,0 Latin 85 0 14 l	# l [6c ]a
b 3 0,255,0,255,0,0,0,0,0,0 Latin 69 0 15 b	# b [62 ]a
e 3 0,255,0,255,0,0,0,0,0,0 Latin 91 0 16 e	# e [65 ]a
c 3 0,255,0,255,0,0,0,0,0,0 Latin 55 0 17 c	# c [63 ]a
ã 3 0,255,0,255,0,0,0,0,0,0 Latin 18 0 18 ã	# ã [e3 ]a
g 3 0,255,0,255,0,0,0,0,0,0 Latin 79 0 19 g	# g [67 ]a
ç 3 0,255,0,255,0,0,0,0,0,0 Latin 20 0 20 ç	# ç [e7 ]a
. 16 0,255,0,255,0,0,0,0,0,0 Common 21 6 21 .	# . [2e ]p
À 5 0,255,0,255,0,0,0,0,0,0 Latin 68 0 22 À	# À [c0 ]A
n 3 0,255,0,255,0,0,0,0,0,0 Latin 76 0 23 n	# n [6e ]a
t 3 0,255,0,255,0,0,0,0,0,0 Latin 87 0 24 t	# t [74 ]a
, 16 0,255,0,255,0,0,0,0,0,0 Common 25 6 25 ,	# , [2c ]p
v 3 0,255,0,255,0,0,0,0,0,0 Latin 81 0 26 v	# v [76 ]a
z 3 0,255,0,255,0,0,0,0,0,0 Latin 27 0 27 z	# z [7a ]a
: 16 0,255,0,255,0,0,0,0,0,0 Common 28 6 28 :	# : [3a ]p
‘ 16 0,255,0,255,0,0,0,0,0,0 Common 29 10 29 '	# ‘ [2018 ]p
É 5 0,255,0,255,0,0,0,0,0,0 Latin 51 0 30 É	# É [c9 ]A
h 3 0,255,0,255,0,0,0,0,0,0 Latin 31 0 31 h	# h [68 ]a
’ 16 0,255,0,255,0,0,0,0,0,0 Common 32 10 32 '	# ’ [2019 ]p
1 8 0,255,0,255,0,0,0,0,0,0 Common 33 2 33 1	# 1 [31 ]0
2 8 0,255,0,255,0,0,0,0,0,0 Common 34 2 34 2	# 2 [32 ]0
3 8 0,255,0,255,0,0,0,0,0,0 Common 35 2 35 3	# 3 [33 ]0
4 8 0,255,0,255,0,0,0,0,0,0 Common 36 2 36 4	# 4 [34 ]0
5 8 0,255,0,255,0,0,0,0,0,0 Common 37 2 37 5	# 5 [35 ]0
6 8 0,255,0,255,0,0,0,0,0,0 Common 38 2 38 6	# 6 [36 ]0
7 8 0,255,0,255,0,0,0,0,0,0 Common 39 2 39 7	# 7 [37 ]0
8 8 0,255,0,255,0,0,0,0,0,0 Common 40 2 40 8	# 8 [38 ]0
9 8 0,255,0,255,0,0,0,0,0,0 Common 41 2 41 9	# 9 [39 ]0
0 8 0,255,0,255,0,0,0,0,0,0 Common 42 2 42 0	# 0 [30 ]0
– 16 0,255,0,255,0,0,0,0,0,0 Common 43 10 43 -	# – [2013 ]p
ú 3 0,255,0,255,0,0,0,0,0,0 Latin 44 0 44 ú	# ú [fa ]a
í 3 0,255,0,255,0,0,0,0,0,0 Latin 45 0 45 í	# í [ed ]a
P 5 0,255,0,255,0,0,0,0,0,0 Latin 6 0 46 P	# P [50 ]A
R 5 0,255,0,255,0,0,0,0,0,0 Latin 4 0 47 R	# R [52 ]A
$ 0 0,255,0,255,0,0,0,0,0,0 Common 48 4 48 $	# $ [24 ]
; 16 0,255,0,255,0,0,0,0,0,0 Common 49 10 49 ;	# ; [3b ]p
% 16 0,255,0,255,0,0,0,0,0,0 Common 50 4 50 %	# % [25 ]p
é 3 0,255,0,255,0,0,0,0,0,0 Latin 30 0 51 é	# é [e9 ]a
/ 16 0,255,0,255,0,0,0,0,0,0 Common 52 6 52 /	# / [2f ]p
F 5 0,255,0,255,0,0,0,0,0,0 Latin 64 0 53 F	# F [46 ]A
J 5 0,255,0,255,0,0,0,0,0,0 Latin 56 0 54 J	# J [4a ]A
C 5 0,255,0,255,0,0,0,0,0,0 Latin 17 0 55 C	# C [43 ]A
j 3 0,255,0,255,0,0,0,0,0,0 Latin 54 0 56 j	# j [6a ]a
S 5 0,255,0,255,0,0,0,0,0,0 Latin 11 0 57 S	# S [53 ]A
ó 3 0,255,0,255,0,0,0,0,0,0 Latin 58 0 58 ó	# ó [f3 ]a
“ 16 0,255,0,255,0,0,0,0,0,0 Common 59 10 59 "	# “ [201c ]p
Q 5 0,255,0,255,0,0,0,0,0,0 Latin 74 0 60 Q	# Q [51 ]A
? 16 0,255,0,255,0,0,0,0,0,0 Common 61 10 61 ?	# ? [3f ]p
” 16 0,255,0,255,0,0,0,0,0,0 Common 62 10 62 "	# ” [201d ]p
— 16 0,255,0,255,0,0,0,0,0,0 Common 63 10 63 -	# — [2014 ]p
f 3 0,255,0,255,0,0,0,0,0,0 Latin 53 0 64 f	# f [66 ]a
O 5 0,255,0,255,0,0,0,0,0,0 Latin 10 0 65 O	# O [4f ]A
ô 3 0,255,0,255,0,0,0,0,0,0 Latin 66 0 66 ô	# ô [f4 ]a
x 3 0,255,0,255,0,0,0,0,0,0 Latin 77 0 67 x	# x [78 ]a
à 3 0,255,0,255,0,0,0,0,0,0 Latin 22 0 68 à	# à [e0 ]a
B 5 0,255,0,255,0,0,0,0,0,0 Latin 15 0 69 B	# B [42 ]A
º 1 0,255,0,255,0,0,0,0,0,0 Latin 70 0 70 º	# º [ba ]x
§ 16 0,255,0,255,0,0,0,0,0,0 Common 71 10 71 §	# § [a7 ]p
ê 3 0,255,0,255,0,0,0,0,0,0 Latin 72 0 72 ê	# ê [ea ]a
- 16 0,255,0,255,0,0,0,0,0,0 Common 73 3 73 -	# - [2d ]p
q 3 0,255,0,255,0,0,0,0,0,0 Latin 60 0 74 q	# q [71 ]a
! 16 0,255,0,255,0,0,0,0,0,0 Common 75 10 75 !	# ! [21 ]p
N 5 0,255,0,255,0,0,0,0,0,0 Latin 23 0 76 N	# N [4e ]A
X 5 0,255,0,255,0,0,0,0,0,0 Latin 67 0 77 X	# X [58 ]A
I 5 0,255,0,255,0,0,0,0,0,0 Latin 7 0 78 I	# I [49 ]A
G 5 0,255,0,255,0,0,0,0,0,0 Latin 19 0 79 G	# G [47 ]A
õ 3 0,255,0,255,0,0,0,0,0,0 Latin 80 0 80 õ	# õ [f5 ]a
V 5 0,255,0,255,0,0,0,0,0,0 Latin 26 0 81 V	# V [56 ]A
Ω 5 0,255,0,255,0,0,0,0,0,0 Greek 82 0 82 Ω	# Ω [3a9 ]A
= 0 0,255,0,255,0,0,0,0,0,0 Common 83 10 83 =	# = [3d ]
π 3 0,255,0,255,0,0,0,0,0,0 Greek 84 0 84 π	# π [3c0 ]a
L 5 0,255,0,255,0,0,0,0,0,0 Latin 14 0 85 L	# L [4c ]A
â 3 0,255,0,255,0,0,0,0,0,0 Latin 86 0 86 â	# â [e2 ]a
T 5 0,255,0,255,0,0,0,0,0,0 Latin 24 0 87 T	# T [54 ]A
D 5 0,255,0,255,0,0,0,0,0,0 Latin 8 0 88 D	# D [44 ]A
M 5 0,255,0,255,0,0,0,0,0,0 Latin 12 0 89 M	# M [4d ]A
€ 0 0,255,0,255,0,0,0,0,0,0 Common 90 4 90 €	# € [20ac ]
E 5 0,255,0,255,0,0,0,0,0,0 Latin 16 0 91 E	# E [45 ]A
@ 16 0,255,0,255,0,0,0,0,0,0 Common 92 10 92 @	# @ [40 ]p
+ 0 0,255,0,255,0,0,0,0,0,0 Common 93 3 93 +	# + [2b ]
( 16 0,255,0,255,0,0,0,0,0,0 Common 94 10 95 (	# ( [28 ]p
) 16 0,255,0,255,0,0,0,0,0,0 Common 95 10 94 )	# ) [29 ]p
U 5 0,255,0,255,0,0,0,0,0,0 Latin 13 0 96 U	# U [55 ]A
